1232423443254235435325
1232423443254235435325123242344325423543532512324234432542354353251232423443254235435325123242344325423543532512324234432542354353251232423443254235435325123242344325423543532512324234432542354353251232423443254235435325123242344325423543532512324234432542354353251232423443254235435325123242344325423543532512324234432542354353251232423443254235435325123242344325423543532512324234432542354353251232423443254235435325
1232423443254235435325123242344325423543532512324234432542354353251232423443254235435325123242344325423543532512324234432542354353251232423443254235435325123242344325423543532512324234432542354353251232423443254235435325123242344325423543532512324234432542354353251232423443254235435325123242344325423543532512324234432542354353251232423443254235435325123242344325423543532512324234432542354353251232423443254235435325
1232423443254235435325123242344325423543532512324234432542354353251232423443254235435325123242344325423543532512324234432542354353251232423443254235435325123242344325423543532512324234432542354353251232423443254235435325123242344325423543532512324234432542354353251232423443254235435325123242344325423543532512324234432542354353251232423443254235435325123242344325423543532512324234432542354353251232423443254235435325
1232423443254235435325123242344325423543532512324234432542354353251232423443254235435325123242344325423543532512324234432542354353251232423443254235435325123242344325423543532512324234432542354353251232423443254235435325123242344325423543532512324234432542354353251232423443254235435325123242344325423543532512324234432542354353251232423443254235435325123242344325423543532512324234432542354353251232423443254235435325
1232423443254235435325123242344325423543532512324234432542354353251232423443254235435325123242344325423543532512324234432542354353251232423443254235435325123242344325423543532512324234432542354353251232423443254235435325123242344325423543532512324234432542354353251232423443254235435325123242344325423543532512324234432542354353251232423443254235435325123242344325423543532512324234432542354353251232423443254235435325
1232423443254235435325123242344325423543532512324234432542354353251232423443254235435325123242344325423543532512324234432542354353251232423443254235435325123242344325423543532512324234432542354353251232423443254235435325123242344325423543532512324234432542354353251232423443254235435325123242344325423543532512324234432542354353251232423443254235435325123242344325423543532512324234432542354353251232423443254235435325
1232423443254235435325123242344325423543532512324234432542354353251232423443254235435325123242344325423543532512324234432542354353251232423443254235435325123242344325423543532512324234432542354353251232423443254235435325123242344325423543532512324234432542354353251232423443254235435325123242344325423543532512324234432542354353251232423443254235435325123242344325423543532512324234432542354353251232423443254235435325
1232423443254235435325123242344325423543532512324234432542354353251232423443254235435325123242344325423543532512324234432542354353251232423443254235435325123242344325423543532512324234432542354353251232423443254235435325123242344325423543532512324234432542354353251232423443254235435325123242344325423543532512324234432542354353251232423443254235435325123242344325423543532512324234432542354353251232423443254235435325
1232423443254235435325123242344325423543532512324234432542354353251232423443254235435325123242344325423543532512324234432542354353251232423443254235435325123242344325423543532512324234432542354353251232423443254235435325123242344325423543532512324234432542354353251232423443254235435325123242344325423543532512324234432542354353251232423443254235435325123242344325423543532512324234432542354353251232423443254235435325
1232423443254235435325123242344325423543532512324234432542354353251232423443254235435325123242344325423543532512324234432542354353251232423443254235435325123242344325423543532512324234432542354353251232423443254235435325123242344325423543532512324234432542354353251232423443254235435325123242344325423543532512324234432542354353251232423443254235435325123242344325423543532512324234432542354353251232423443254235435325
1232423443254235435325123242344325423543532512324234432542354353251232423443254235435325123242344325423543532512324234432542354353251232423443254235435325123242344325423543532512324234432542354353251232423443254235435325123242344325423543532512324234432542354353251232423443254235435325123242344325423543532512324234432542354353251232423443254235435325123242344325423543532512324234432542354353251232423443254235435325
1232423443254235435325123242344325423543532512324234432542354353251232423443254235435325123242344325423543532512324234432542354353251232423443254235435325123242344325423543532512324234432542354353251232423443254235435325123242344325423543532512324234432542354353251232423443254235435325123242344325423543532512324234432542354353251232423443254235435325123242344325423543532512324234432542354353251232423443254235435325
1232423443254235435325123242344325423543532512324234432542354353251232423443254235435325123242344325423543532512324234432542354353251232423443254235435325123242344325423543532512324234432542354353251232423443254235435325123242344325423543532512324234432542354353251232423443254235435325123242344325423543532512324234432542354353251232423443254235435325123242344325423543532512324234432542354353251232423443254235435325
1232423443254235435325123242344325423543532512324234432542354353251232423443254235435325123242344325423543532512324234432542354353251232423443254235435325123242344325423543532512324234432542354353251232423443254235435325123242344325423543532512324234432542354353251232423443254235435325123242344325423543532512324234432542354353251232423443254235435325123242344325423543532512324234432542354353251232423443254235435325
1232423443254235435325123242344325423543532512324234432542354353251232423443254235435325123242344325423543532512324234432542354353251232423443254235435325123242344325423543532512324234432542354353251232423443254235435325123242344325423543532512324234432542354353251232423443254235435325123242344325423543532512324234432542354353251232423443254235435325123242344325423543532512324234432542354353251232423443254235435325
1232423443254235435325123242344325423543532512324234432542354353251232423443254235435325123242344325423543532512324234432542354353251232423443254235435325123242344325423543532512324234432542354353251232423443254235435325123242344325423543532512324234432542354353251232423443254235435325123242344325423543532512324234432542354353251232423443254235435325123242344325423543532512324234432542354353251232423443254235435325
123242344325423543532512324234432542354353251232423443254235435325123242344325423543532512324234432542354353251232423443254235435325123242344325423543532512324234432542354353251232423443254235435325123242344325423543532512324234432542354353251232423443254235435325123242344325423543532512324234432542354353251232423443254235435325123242344325423543532512324234432542354353251232423443254235435325